      0/79    0.306G0.025523973   0.03882   0.04147   0.04535    0.1256       162       320         0         0         0         0         0   0.02667         0
      1/79    0.625G0.0010235912   0.01912   0.01963   0.03836    0.0771       158       320         0         0         0         0         0   0.03755         0
      2/79    0.625G         0    0.0146    0.0172   0.03222   0.06402       166       320         0         0         0         0         0   0.04419         0
      3/79    0.625G         0   0.01383   0.01668   0.02717   0.05768       166       320         0         0         0         0         0   0.04166         0
      4/79    0.625G         0   0.01372   0.01649   0.02383   0.05404       166       320         0         0         0         0         0   0.04314         0
      5/79    0.625G         0   0.01353   0.01627   0.02162   0.05142       173       320         0         0         0         0         0   0.04312         0
      6/79    0.625G         0   0.01366   0.01631   0.01784   0.04781       157       320         0         0         0         0         0   0.04249         0
      7/79    0.625G         0   0.01393   0.01634   0.01348   0.04375       172       320         0         0         0         0         0   0.04156         0
      8/79    0.625G         0   0.01394   0.01626   0.01077   0.04098       166       320         0         0         0         0         0    0.0413         0
      9/79    0.625G         0   0.01377   0.01615  0.009339   0.03926       149       320         0         0         0         0         0    0.0417         0
     10/79    0.625G         0   0.01362   0.01602  0.008574   0.03821       161       320         0         0         0         0         0   0.04183         0
     11/79    0.625G         0   0.01323   0.01579  0.008127   0.03715       185       320         0         0         0         0         0   0.04208         0
     12/79    0.625G         0   0.01299    0.0157  0.007817   0.03651       179       320         0         0         0         0         0   0.04252         0
     13/79    0.625G         0   0.01271   0.01554  0.007539   0.03579       174       320         0         0         0         0         0   0.04274         0
     14/79    0.625G         0   0.01257   0.01547  0.007333   0.03538       163       320         0         0         0         0         0   0.04293         0
     15/79    0.625G         0   0.01244   0.01539  0.007134   0.03496       161       320         0         0         0         0         0   0.04316         0
     16/79    0.625G         0   0.01224   0.01529  0.006972   0.03451       135       320         0         0         0         0         0   0.04336         0
     17/79    0.625G         0   0.01207   0.01518  0.006751     0.034       146       320         0         0         0         0         0   0.04356         0
     18/79    0.625G         0   0.01201   0.01515  0.006544    0.0337       169       320         0         0         0         0         0   0.04371         0
     19/79    0.625G         0   0.01196   0.01508  0.006416   0.03345       174       320         0         0         0         0         0   0.04384         0
     20/79    0.625G         0   0.01181   0.01505  0.006216   0.03308       166       320         0         0         0         0         0   0.04392         0
     21/79    0.625G         0   0.01176   0.01495  0.006054   0.03276       160       320         0         0         0         0         0   0.04397         0
     22/79    0.625G         0   0.01165   0.01491  0.005922   0.03247       162       320         0         0         0         0         0   0.04413         0
     23/79    0.625G         0   0.01156   0.01484  0.005757   0.03215       164       320         0         0         0         0         0   0.04423         0
     24/79    0.625G         0   0.01144   0.01477  0.005654   0.03186       151       320         0         0         0         0         0   0.04442         0
     25/79    0.625G         0   0.01139   0.01474  0.005537   0.03166       165       320         0         0         0         0         0   0.04443         0
     26/79    0.625G         0   0.01131   0.01466  0.005413   0.03139       163       320         0         0         0         0         0   0.04452         0
     27/79    0.625G         0   0.01125   0.01464  0.005317   0.03121       167       320         0         0         0         0         0    0.0446         0
     28/79    0.625G         0   0.01115   0.01456  0.005273   0.03098       154       320         0         0         0         0         0   0.04466         0
     29/79    0.625G         0    0.0111   0.01452  0.005181    0.0308       162       320         0         0         0         0         0   0.04474         0
     30/79    0.625G         0   0.01103   0.01447  0.005121   0.03062       170       320         0         0         0         0         0   0.04483         0
     31/79    0.625G         0   0.01097   0.01446  0.005104   0.03053       164       320         0         0         0         0         0   0.04487         0
     32/79    0.625G         0   0.01089   0.01439  0.004992   0.03027       144       320         0         0         0         0         0   0.04491         0
     33/79    0.625G         0   0.01079   0.01435  0.004949    0.0301       166       320         0         0         0         0         0   0.04514         0
     34/79    0.625G         0   0.01073   0.01429  0.004901   0.02992       188       320         0         0         0         0         0   0.04537         0
     35/79    0.625G         0   0.01067   0.01424  0.004851   0.02976       165       320         0         0         0         0         0    0.0456         0
     36/79    0.625G         0   0.01062   0.01421  0.004768   0.02959       153       320         0         0         0         0         0    0.0458         0
     37/79    0.625G         0   0.01058   0.01418  0.004749   0.02951       160       320         0         0         0         0         0    0.0459         0
     38/79    0.625G         0    0.0105   0.01413  0.004685   0.02931       158       320         0         0         0         0         0   0.04611         0
     39/79    0.625G         0   0.01044   0.01408  0.004625   0.02914       161       320         0         0         0         0         0   0.04624         0
     40/79    0.625G         0   0.01039   0.01404   0.00461   0.02905       170       320         0         0         0         0         0   0.04634         0
     41/79    0.625G         0   0.01033   0.01401  0.004534   0.02888       176       320         0         0         0         0         0   0.04657         0
     42/79    0.625G         0   0.01029   0.01398  0.004522   0.02879       166       320         0         0         0         0         0   0.04666         0
     43/79    0.625G         0   0.01022   0.01396  0.004454   0.02863       142       320         0         0         0         0         0   0.04673         0
     44/79    0.625G         0   0.01018   0.01394   0.00442   0.02854       151       320         0         0         0         0         0   0.04687         0
     45/79    0.625G         0   0.01012   0.01388  0.004401    0.0284       170       320         0         0         0         0         0   0.04699         0
     46/79    0.625G         0   0.01009   0.01385  0.004387   0.02832       192       320         0         0         0         0         0   0.04721         0
     47/79    0.625G         0   0.01004    0.0138  0.004333   0.02817       157       320         0         0         0         0         0   0.04741         0
     48/79    0.625G         0   0.00999   0.01378  0.004303   0.02807       173       320         0         0         0         0         0    0.0475         0
     49/79    0.625G         0  0.009968   0.01375  0.004285   0.02801       160       320         0         0         0         0         0   0.04775         0
     50/79    0.625G         0  0.009953   0.01375  0.004273   0.02797       156       320         0         0         0         0         0   0.04799         0
     51/79    0.625G         0  0.009961   0.01373  0.004261   0.02795       169       320         0         0         0         0         0   0.04808         0
     52/99    0.734G         0   0.01015   0.01384   0.00414   0.02813       535       320    0.9603    0.8573    0.8984    0.7351  0.008454   0.01489  0.003886
     53/99     1.15G         0   0.01163   0.01455  0.004276   0.03045       529       320    0.9608    0.8574    0.9012    0.7365  0.008446   0.01488   0.00387
     54/99     1.15G         0     0.011   0.01422  0.004252   0.02947       518       320     0.962     0.859    0.9049    0.7387  0.008446   0.01488   0.00385
     55/99     1.15G         0    0.0109   0.01418  0.004251   0.02933       549       320    0.9634     0.858    0.9073    0.7411   0.00845   0.01487  0.003839
     56/99     1.15G         0   0.01073    0.0141  0.004186   0.02902       547       320    0.9659     0.856     0.909    0.7415  0.008447   0.01485  0.003818
     57/99     1.15G         0   0.01056     0.014  0.004153   0.02871       534       320    0.9646    0.8571    0.9095     0.741  0.008441   0.01483  0.003803
     58/99     1.15G         0    0.0105   0.01397  0.004158   0.02862       524       320    0.9623    0.8605    0.9106    0.7422  0.008439   0.01482  0.003787
     59/99     1.15G         0    0.0104   0.01392  0.004124   0.02845       538       320    0.9635     0.861    0.9116    0.7422  0.008437   0.01482  0.003771
     60/99     1.15G         0   0.01033   0.01388  0.004078   0.02829       514       320    0.9662    0.8586    0.9127    0.7427  0.008434   0.01481  0.003753
     61/99     1.15G         0   0.01022   0.01381  0.004076    0.0281       545       320    0.9673    0.8586    0.9146    0.7429  0.008438   0.01481  0.003731
     62/99     1.15G         0   0.01011   0.01373  0.004009   0.02785       524       320    0.9695    0.8566     0.913    0.7425  0.008425   0.01479  0.003714
     63/99     1.15G         0   0.01009   0.01374  0.003998   0.02783       558       320     0.969    0.8568    0.9144    0.7434   0.00841   0.01477  0.003693
     64/99     1.15G         0   0.01006    0.0137  0.003997   0.02776       538       320    0.9695    0.8573    0.9151    0.7444  0.008407   0.01476  0.003672
     65/99     1.15G         0  0.009961   0.01366  0.003956   0.02757       537       320    0.9688    0.8576    0.9182    0.7458  0.008405   0.01475  0.003648
     66/99     1.15G         0  0.009929   0.01364  0.003947   0.02752       537       320    0.9696    0.8569    0.9165    0.7449  0.008399   0.01475  0.003629
     67/99     1.15G         0  0.009882    0.0136  0.003922   0.02741       570       320    0.9703    0.8557    0.9165    0.7457  0.008388   0.01474   0.00361
     68/99     1.15G         0   0.00984   0.01358  0.003881    0.0273       497       320    0.9686    0.8585    0.9175    0.7461  0.008383   0.01474  0.003591
     69/99     1.15G         0  0.009795   0.01354   0.00389   0.02722       542       320      0.97    0.8575    0.9182    0.7463  0.008376   0.01473  0.003569
     70/99     1.15G         0  0.009782   0.01353  0.003878   0.02719       534       320      0.97    0.8575    0.9198    0.7477  0.008371   0.01472  0.003552
     71/99     1.15G         0  0.009749    0.0135  0.003855   0.02711       557       320    0.9699    0.8573    0.9243    0.7514   0.00836   0.01473  0.003535
     72/99     1.15G         0  0.009737   0.01351  0.003848   0.02709       564       320    0.9688    0.8583    0.9236    0.7513  0.008346   0.01472  0.003522
     73/99     1.15G         0   0.00971   0.01346  0.003832     0.027       546       320     0.975    0.8526    0.9261    0.7531  0.008338   0.01472  0.003507
     74/99     1.15G         0  0.009707   0.01347  0.003846   0.02702       540       320    0.9707    0.8565    0.9266    0.7539  0.008327   0.01472  0.003496
     75/99     1.15G         0  0.009682   0.01348  0.003797   0.02696       547       320     0.962    0.8665    0.9267    0.7542  0.008313   0.01471  0.003483
     76/99     1.15G         0  0.009646   0.01343  0.003783   0.02686       538       320    0.9628    0.8663    0.9292    0.7557  0.008303   0.01471  0.003467
     77/99     1.15G         0   0.00962   0.01342  0.003762    0.0268       543       320    0.9629    0.8659    0.9313    0.7577  0.008308    0.0147  0.003452
     78/99     1.15G         0  0.009627   0.01341  0.003747   0.02679       549       320    0.9582    0.8714    0.9334    0.7585  0.008314    0.0147  0.003439
     79/99     1.15G         0  0.009633    0.0134  0.003773   0.02681       517       320    0.9602    0.8693    0.9349     0.759  0.008322   0.01471  0.003425
     80/99     1.15G         0   0.00963   0.01341  0.003759    0.0268       550       320    0.9633    0.8645    0.9361    0.7592  0.008333   0.01472  0.003414
     81/99     1.15G         0   0.00963   0.01341  0.003745   0.02678       528       320     0.964    0.8643    0.9441    0.7632  0.008341   0.01472  0.003397
     82/99     1.15G         0  0.009605   0.01338  0.003751   0.02674       522       320    0.9741    0.8541    0.9451    0.7635  0.008344   0.01472  0.003384
     83/99     1.15G         0  0.009616    0.0134   0.00375   0.02676       525       320    0.9607    0.8676    0.9448     0.763  0.008349   0.01473  0.003369
     84/99     1.15G         0  0.009601   0.01341  0.003724   0.02674       536       320    0.9611    0.8691    0.9467    0.7635  0.008352   0.01473  0.003358
     85/99     1.15G         0   0.00958   0.01338  0.003722   0.02669       547       320    0.9597    0.8682    0.9466    0.7637  0.008355   0.01472  0.003351
     86/99     1.15G         0  0.009592   0.01338    0.0037   0.02667       573       320    0.9751    0.8528    0.9491    0.7659   0.00836   0.01472  0.003341
     87/99     1.15G         0  0.009591   0.01335  0.003696   0.02664       525       320    0.9763    0.8524    0.9505     0.767  0.008356   0.01471  0.003332
     88/99     1.15G         0  0.009571   0.01337  0.003719   0.02666       523       320      0.96    0.8684    0.9515    0.7675  0.008346    0.0147  0.003326
     89/99     1.15G         0  0.009584   0.01337  0.003713   0.02667       535       320    0.9766    0.8512    0.9519    0.7686  0.008338    0.0147  0.003318
     90/99     1.15G         0  0.009581   0.01337  0.003705   0.02665       508       320    0.9749    0.8522    0.9519    0.7682  0.008338    0.0147  0.003309
     91/99     1.15G         0  0.009575   0.01335  0.003695   0.02662       527       320    0.9762    0.8513    0.9509    0.7677   0.00834   0.01469  0.003307
     92/99     1.15G         0  0.009573   0.01336  0.003702   0.02663       552       320    0.9576    0.8703    0.9514    0.7687  0.008336   0.01469  0.003297
     93/99     1.15G         0  0.009582   0.01336  0.003691   0.02663       540       320    0.9581    0.8689     0.951    0.7678  0.008338   0.01468  0.003289
     94/99     1.15G         0  0.009567   0.01336  0.003684   0.02661       543       320    0.9581    0.8693    0.9511    0.7677  0.008335   0.01469  0.003285
     95/99     1.15G         0  0.009562   0.01333  0.003687   0.02658       517       320    0.9773    0.8495    0.9523    0.7686  0.008336    0.0147  0.003279
     96/99     1.15G         0  0.009567   0.01336  0.003663   0.02659       508       320    0.9761    0.8495    0.9518    0.7685  0.008335    0.0147  0.003274
     97/99     1.15G         0  0.009525   0.01333  0.003656   0.02651       513       320    0.9763    0.8496    0.9522    0.7683  0.008342   0.01471  0.003273
     98/99     1.15G         0  0.009544   0.01333   0.00369   0.02656       517       320    0.9766    0.8495     0.953    0.7695  0.008339   0.01471  0.003271
     99/99     1.15G         0  0.009548   0.01335  0.003661   0.02656       559       320    0.9767    0.8494    0.9532      0.77  0.008337   0.01472  0.003268
