      0/99     0.74G0.025535977  0.009951   0.01381  0.001755   0.02552       533       320    0.9117    0.9839    0.9765    0.7922  0.008204   0.01464  0.001822
      1/99     1.14G0.0010357324  0.009557   0.01369  0.001838   0.02508       505       320    0.8879    0.9345    0.9629    0.7677  0.008281    0.0152  0.002473
      2/99     1.24G         0  0.009518   0.01373  0.001918   0.02517       478       320    0.8747    0.9576    0.9683    0.7835  0.007734   0.01463  0.002087
      3/99     1.24G         0  0.009521   0.01373  0.001907   0.02516       489       320    0.8866    0.9475    0.9715    0.7783  0.007975   0.01483  0.001919
      4/99     1.24G         0  0.009518   0.01373  0.001876   0.02512       526       320    0.8756    0.9584    0.9727    0.7824  0.007918   0.01466  0.002061
      5/99     1.24G         0  0.009518   0.01373   0.00186   0.02511       486       320    0.8569    0.9581    0.9636    0.7784  0.007863   0.01475  0.001974
      6/99     1.24G         0  0.009506   0.01372  0.001877    0.0251       508       320    0.9101    0.9662    0.9752    0.7832  0.007877   0.01448  0.001938
      7/99     1.24G         0  0.009473   0.01369  0.001864   0.02502       505       320    0.9061    0.9826    0.9758    0.7871  0.007911   0.01465  0.001754
      8/99     1.24G         0  0.009501   0.01372  0.001874    0.0251       523       320    0.8971     0.975    0.9725    0.7897  0.007806   0.01449  0.002212
      9/99     1.24G         0  0.009457   0.01368  0.001846   0.02499       516       320    0.8895    0.9734    0.9732    0.7904  0.007818   0.01458  0.002243
     10/99     1.24G         0  0.009506   0.01372  0.001864   0.02509       533       320    0.8994    0.9744    0.9726    0.7932  0.007782    0.0145  0.001886
     11/99     1.24G         0  0.009487    0.0137  0.001851   0.02504       524       320    0.8888     0.958    0.9713    0.7861  0.007817    0.0144  0.001904
     12/99     1.24G         0  0.009456   0.01364  0.001806   0.02491       521       320    0.8755    0.9746    0.9727     0.788  0.007832   0.01447  0.001869
     13/99     1.24G         0  0.009468   0.01369  0.001827   0.02499       495       320    0.8973    0.9749    0.9742     0.791  0.007787   0.01442  0.001858
     14/99     1.24G         0  0.009447   0.01365   0.00184   0.02494       471       320    0.8882    0.9743    0.9727     0.794   0.00775   0.01438   0.00185
     15/99     1.24G         0  0.009447   0.01365  0.001824   0.02492       498       320    0.8909    0.9655    0.9708    0.7908  0.007746   0.01436  0.001815
     16/99     1.24G         0  0.009455   0.01365  0.001807   0.02491       523       320    0.9026    0.9772    0.9742    0.7946  0.007746   0.01434   0.00185
     17/99     1.24G         0  0.009455   0.01363  0.001803   0.02489       474       320    0.8867    0.9717    0.9731    0.7906  0.007735   0.01435   0.00188
     18/99     1.24G         0  0.009413   0.01361  0.001813   0.02483       520       320    0.8957     0.961    0.9729    0.7901   0.00776   0.01436  0.001876
     19/99     1.24G         0  0.009384   0.01359  0.001787   0.02476       529       320    0.8942    0.9589     0.974    0.7908  0.007737   0.01433  0.001855
     20/99     1.24G         0  0.009388   0.01359   0.00181   0.02479       539       320    0.8972    0.9584    0.9723    0.7894   0.00774   0.01434  0.001877
     21/99     1.24G         0  0.009412   0.01358   0.00178   0.02477       518       320     0.897    0.9574    0.9721    0.7925   0.00774   0.01432  0.001873
     22/99     1.24G         0  0.009382   0.01357  0.001783   0.02474       542       320    0.8911    0.9578    0.9715    0.7903  0.007742   0.01433   0.00189
     23/99     1.24G         0  0.009356   0.01358  0.001784   0.02472       556       320    0.8881    0.9655    0.9722    0.7912  0.007734   0.01432   0.00191
     24/99     1.24G         0  0.009339   0.01355  0.001771   0.02466       536       320     0.889    0.9664    0.9723    0.7911  0.007738   0.01433  0.001908
     25/99     1.24G         0  0.009376    0.0136  0.001786   0.02476       494       320    0.8923    0.9666    0.9734    0.7921  0.007737   0.01434  0.001901
     26/99     1.24G         0  0.009361   0.01356   0.00177   0.02469       512       320      0.89    0.9669    0.9739     0.793  0.007727   0.01433    0.0019
     27/99     1.24G         0  0.009339   0.01354  0.001781   0.02466       502       320    0.8886    0.9661    0.9738    0.7938  0.007724   0.01432  0.001903
     28/99     1.24G         0  0.009355   0.01355  0.001754   0.02465       506       320    0.8893    0.9663    0.9746    0.7942  0.007719   0.01431  0.001909
     29/99     1.24G         0  0.009316   0.01354  0.001757   0.02461       504       320    0.8892    0.9644    0.9734    0.7943  0.007723   0.01431  0.001899
     30/99     1.24G         0  0.009346   0.01356  0.001769   0.02467       531       320    0.8937    0.9599    0.9727    0.7938  0.007725   0.01431  0.001894
     31/99     1.24G         0  0.009338   0.01352  0.001757   0.02462       512       320    0.8886    0.9658    0.9728    0.7942  0.007723   0.01431   0.00189
     32/99     1.24G         0  0.009287   0.01348   0.00175   0.02452       475       320     0.889    0.9655    0.9735    0.7947  0.007718   0.01432  0.001892
     33/99     1.24G         0  0.009312   0.01352  0.001748   0.02458       532       320      0.89    0.9638     0.974    0.7954  0.007718   0.01431  0.001891
     34/99     1.24G         0   0.00932   0.01349  0.001752   0.02456       531       320    0.8946    0.9605    0.9742    0.7951  0.007716   0.01432  0.001886
     35/99     1.24G         0  0.009292    0.0135  0.001759   0.02455       526       320    0.8927    0.9632    0.9748    0.7953  0.007715   0.01432  0.001896
     36/99     1.24G         0  0.009253   0.01346  0.001725   0.02444       516       320    0.8923    0.9634    0.9749    0.7956   0.00771   0.01431  0.001895
     37/99     1.24G         0  0.009269   0.01349  0.001737   0.02449       516       320    0.8961    0.9614    0.9755     0.796  0.007713   0.01432  0.001892
     38/99     1.24G         0  0.009263   0.01345  0.001728   0.02444       463       320    0.8897    0.9659    0.9754    0.7954  0.007715   0.01432  0.001887
     39/99     1.24G         0  0.009266   0.01341  0.001733   0.02441       483       320    0.8879    0.9668    0.9747    0.7948  0.007716   0.01433  0.001885
     40/99     1.24G         0  0.009224   0.01344  0.001717   0.02439       492       320    0.8918    0.9668     0.975    0.7947   0.00772   0.01433  0.001884
     41/99     1.24G         0  0.009229   0.01343   0.00171   0.02437       519       320    0.8921    0.9668    0.9747    0.7946  0.007718   0.01434  0.001888
     42/99     1.24G         0  0.009213   0.01342   0.00172   0.02435       529       320    0.8931    0.9678    0.9756    0.7948   0.00772   0.01434  0.001891
     43/99     1.24G         0  0.009217   0.01339  0.001702   0.02431       514       320     0.891    0.9676    0.9755    0.7933  0.007716   0.01433   0.00189
     44/99     1.24G         0  0.009212   0.01343  0.001719   0.02436       527       320     0.891    0.9668    0.9746    0.7932  0.007714   0.01434   0.00189
     45/99     1.24G         0  0.009203   0.01343  0.001706   0.02434       527       320    0.8909    0.9676    0.9755    0.7934   0.00771   0.01433  0.001891
     46/99     1.24G         0   0.00919   0.01339  0.001698   0.02428       521       320    0.8904    0.9672    0.9754    0.7937  0.007711   0.01432  0.001888
     47/99     1.24G         0  0.009171   0.01339  0.001688   0.02425       506       320    0.8889    0.9677    0.9753    0.7945   0.00771   0.01432   0.00189
     48/99     1.24G         0  0.009177   0.01336  0.001694   0.02423       510       320    0.8901    0.9671    0.9752    0.7941  0.007708   0.01431   0.00189
     49/99     1.24G         0  0.009169   0.01337  0.001689   0.02423       526       320    0.8902    0.9686    0.9755    0.7949  0.007705   0.01431   0.00189
     50/99     1.24G         0   0.00916   0.01338  0.001692   0.02423       524       320    0.8903    0.9664    0.9753     0.795  0.007706   0.01432   0.00189
     51/99     1.24G         0  0.009154   0.01334  0.001678   0.02418       470       320    0.8893    0.9658    0.9745    0.7946  0.007707   0.01432  0.001884
     52/99     1.24G         0  0.009139   0.01334  0.001684   0.02416       521       320    0.8906    0.9687     0.975    0.7943  0.007704   0.01432  0.001887
     53/99     1.24G         0  0.009129   0.01333  0.001686   0.02414       501       320    0.8906    0.9667    0.9746    0.7937    0.0077   0.01432  0.001887
     54/99     1.24G         0  0.009094   0.01331  0.001646   0.02405       491       320     0.892    0.9666     0.974    0.7931    0.0077   0.01432  0.001887
     55/99     1.24G         0  0.009097   0.01329  0.001647   0.02403       512       320    0.8916    0.9667    0.9742     0.793  0.007699   0.01432   0.00189
     56/99     1.24G         0  0.009094   0.01328  0.001659   0.02403       520       320     0.894    0.9657    0.9743    0.7926  0.007703   0.01432  0.001897
     57/99     1.24G         0  0.009133   0.01332  0.001666   0.02412       505       320    0.8923    0.9666    0.9744    0.7921  0.007705   0.01433  0.001904
     58/99     1.24G         0  0.009136   0.01334  0.001684   0.02415       529       320    0.8913    0.9663    0.9737    0.7914  0.007708   0.01433  0.001908
     59/99     1.24G         0  0.009088   0.01327  0.001646   0.02401       493       320    0.8911    0.9666    0.9737    0.7922  0.007707   0.01433  0.001905
     60/99     1.24G         0  0.009075   0.01327  0.001628   0.02397       547       320    0.8923    0.9662    0.9738    0.7918  0.007709   0.01433    0.0019
     61/99     1.24G         0  0.009071   0.01327  0.001662   0.02401       518       320    0.8898    0.9656    0.9736    0.7924  0.007705   0.01431  0.001891
     62/99     1.24G         0  0.009071   0.01328  0.001637   0.02398       519       320    0.8878    0.9662     0.974    0.7938  0.007701    0.0143  0.001889
     63/99     1.24G         0   0.00907   0.01327  0.001636   0.02398       565       320    0.8894    0.9665    0.9746    0.7936  0.007699    0.0143  0.001889
     64/99     1.24G         0  0.009075   0.01328  0.001652     0.024       517       320      0.89    0.9654    0.9737    0.7924  0.007706   0.01431  0.001884
     65/99     1.24G         0  0.009081   0.01324  0.001643   0.02396       494       320    0.8897    0.9667    0.9741    0.7937    0.0077   0.01431  0.001884
     66/99     1.24G         0   0.00905   0.01324  0.001641   0.02393       478       320    0.8896    0.9667    0.9741    0.7935  0.007702   0.01432  0.001876
     67/99     1.24G         0  0.009014   0.01321  0.001616   0.02384       523       320    0.8905    0.9665    0.9742    0.7943  0.007704   0.01431  0.001871
     68/99     1.24G         0  0.009044   0.01322  0.001638    0.0239       568       320    0.8915    0.9667    0.9748    0.7944   0.00771   0.01432  0.001873
     69/99     1.24G         0  0.009035   0.01322  0.001621   0.02388       519       320    0.8911    0.9658    0.9739    0.7933  0.007706   0.01431  0.001877
     70/99     1.24G         0  0.009028   0.01321   0.00162   0.02386       502       320    0.8914    0.9658    0.9739    0.7914  0.007701    0.0143  0.001874
     71/99     1.24G         0  0.009019   0.01323   0.00163   0.02387       548       320    0.8929    0.9666    0.9745     0.791  0.007694    0.0143  0.001872
     72/99     1.24G         0  0.009032    0.0132  0.001611   0.02384       520       320    0.8946     0.966    0.9735    0.7908  0.007697   0.01429  0.001872
     73/99     1.24G         0  0.009038    0.0132  0.001622   0.02386       519       320    0.8929    0.9672    0.9741    0.7919  0.007698   0.01429  0.001866
     74/99     1.24G         0  0.009007   0.01319  0.001615   0.02382       488       320    0.8967     0.966    0.9742    0.7915  0.007692    0.0143  0.001864
     75/99     1.24G         0  0.009017   0.01318  0.001603    0.0238       554       320    0.8977    0.9668    0.9744    0.7909  0.007688    0.0143  0.001862
     76/99     1.24G         0  0.009011   0.01319  0.001591    0.0238       522       320    0.8925     0.974    0.9745    0.7921  0.007685    0.0143  0.001863
     77/99     1.24G         0  0.009007   0.01315  0.001612   0.02377       531       320    0.8934    0.9724    0.9735    0.7915  0.007685   0.01431  0.001864
     78/99     1.24G         0  0.008994   0.01314  0.001605   0.02373       524       320    0.8955    0.9695     0.974    0.7909   0.00768   0.01429  0.001864
     79/99     1.24G         0  0.009032   0.01316  0.001614   0.02381       584       320    0.8933    0.9722    0.9736      0.79  0.007677   0.01429  0.001859
     80/99     1.24G         0   0.00901   0.01317   0.00162    0.0238       517       320     0.896     0.973     0.974    0.7905   0.00768    0.0143  0.001855
     81/99     1.24G         0  0.008965   0.01312  0.001584   0.02367       531       320    0.8971    0.9679    0.9741    0.7909   0.00768    0.0143  0.001853
     82/99     1.24G         0  0.008981   0.01314  0.001589   0.02371       552       320    0.8976     0.968    0.9741    0.7913  0.007675    0.0143  0.001853
     83/99     1.24G         0  0.008987   0.01314  0.001577   0.02371       525       320    0.8979    0.9669    0.9735     0.791  0.007677   0.01431  0.001854
     84/99     1.24G         0  0.008982   0.01313   0.00159    0.0237       527       320    0.8985    0.9654    0.9736    0.7907  0.007682   0.01432  0.001856
     85/99     1.24G         0  0.008974   0.01313  0.001582   0.02369       509       320     0.898    0.9643    0.9729    0.7896  0.007689   0.01431  0.001851
     86/99     1.24G         0  0.008965   0.01314  0.001589   0.02369       499       320     0.898    0.9642    0.9729    0.7919   0.00769   0.01431  0.001851
     87/99     1.24G         0  0.008992   0.01314   0.00159   0.02372       530       320    0.8963    0.9643     0.972    0.7902  0.007692   0.01431   0.00185
     88/99     1.24G         0  0.008984   0.01312  0.001592   0.02369       499       320    0.8981    0.9644     0.973    0.7907  0.007689   0.01431  0.001848
     89/99     1.24G         0  0.008966   0.01311  0.001578   0.02366       537       320    0.8968    0.9641    0.9721    0.7907  0.007691   0.01431  0.001846
     90/99     1.24G         0  0.008958   0.01312  0.001572   0.02365       517       320    0.8958    0.9643    0.9722    0.7899  0.007687   0.01432  0.001844
     91/99     1.24G         0  0.008963    0.0131  0.001578   0.02365       548       320    0.8961    0.9647    0.9725    0.7893  0.007692   0.01432  0.001843
     92/99     1.24G         0  0.008974   0.01311  0.001569   0.02365       528       320    0.8965    0.9656    0.9739    0.7911  0.007689   0.01432  0.001843
     93/99     1.24G         0  0.008954   0.01311  0.001566   0.02363       526       320    0.8954    0.9656    0.9732    0.7905  0.007688   0.01432  0.001843
     94/99     1.24G         0   0.00894   0.01309  0.001568   0.02359       520       320    0.8953    0.9656    0.9733    0.7906  0.007688   0.01431  0.001844
     95/99     1.24G         0  0.008945    0.0131  0.001588   0.02363       522       320    0.8926    0.9656    0.9733    0.7913  0.007685   0.01431  0.001842
     96/99     1.24G         0  0.008941   0.01309  0.001583   0.02362       529       320     0.891    0.9654     0.974    0.7923  0.007685   0.01431  0.001848
     97/99     1.24G         0  0.008965   0.01311   0.00157   0.02365       496       320    0.8901    0.9662    0.9739    0.7921  0.007683   0.01431  0.001848
     98/99     1.24G         0   0.00894    0.0131  0.001561   0.02361       476       320    0.8896    0.9662    0.9739    0.7914  0.007683   0.01431  0.001848
     99/99     1.24G         0  0.008939   0.01312  0.001565   0.02362       521       320     0.897    0.9564    0.9739    0.7912  0.007684   0.01431  0.001849
